#x|J0|Y0|j0|y0|J1|Y1|j1|y1|J2|Y2|j2|y2
0.1|0.997502|-1.53424|0.998334|-9.95004|0.0499375|-6.45895|0.0333|-100.499|0.00124896|-127.645|0.000666191|-3005.01
0.2|0.990025|-1.08111|0.993347|-4.90033|0.0995008|-3.32382|0.0664004|-25.495|0.00498335|-32.1571|0.00265906|-377.525
0.3|0.977626|-0.807274|0.985067|-3.18445|0.148319|-2.29311|0.0991029|-11.5999|0.0111659|-14.4801|0.00596152|-112.815
0.4|0.960398|-0.606025|0.973546|-2.30265|0.196027|-1.78087|0.131212|-6.73018|0.0197347|-8.29834|0.0105453|-48.1737
0.5|0.93847|-0.444519|0.958851|-1.75517|0.242268|-1.47147|0.162537|-4.46918|0.030604|-5.44137|0.0163711|-25.0599
0.6|0.912005|-0.30851|0.941071|-1.37556|0.286701|-1.26039|0.192892|-3.23367|0.0436651|-3.89279|0.023389|-14.7928
0.7|0.881201|-0.190665|0.920311|-1.09263|0.328996|-1.10325|0.222098|-2.48121|0.0587869|-2.96148|0.0315388|-9.54114
0.8|0.846287|-0.0868023|0.896695|-0.870883|0.368842|-0.978144|0.249986|-1.9853|0.0758178|-2.35856|0.0407505|-6.57399
0.9|0.807524|0.00562831|0.870363|-0.690678|0.40595|-0.873127|0.276393|-1.63778|0.0945863|-1.94591|0.0509452|-4.7686
1|0.765198|0.088257|0.841471|-0.540302|0.440051|-0.781213|0.301169|-1.38177|0.114903|-1.65068|0.0620351|-3.60502
1.1|0.719622|0.162163|0.810189|-0.41236|0.470902|-0.69812|0.324175|-1.18506|0.136564|-1.43147|0.0739248|-2.81963
1.2|0.671133|0.228084|0.776699|-0.301965|0.498289|-0.621136|0.345285|-1.02834|0.159349|-1.26331|0.0865122|-2.26888
1.3|0.620086|0.286535|0.741199|-0.205768|0.522023|-0.54852|0.364384|-0.899482|0.183027|-1.13041|0.0996886|-1.86996
1.4|0.566855|0.337895|0.703893|-0.121405|0.541948|-0.479147|0.381375|-0.790611|0.207356|-1.02239|0.11334|-1.57276
1.5|0.511828|0.382449|0.664997|-0.0471581|0.557937|-0.412309|0.396173|-0.696435|0.232088|-0.932194|0.127349|-1.34571
1.6|0.455402|0.420427|0.624734|0.0182497|0.569896|-0.347578|0.408708|-0.613327|0.256968|-0.854899|0.141594|-1.16824
1.7|0.397985|0.452027|0.583332|0.0757909|0.577765|-0.284726|0.418927|-0.538749|0.281739|-0.786999|0.155952|-1.02653
1.8|0.339986|0.477432|0.541026|0.126223|0.581517|-0.223665|0.426794|-0.470902|0.306144|-0.725948|0.170296|-0.911061
1.9|0.281819|0.49682|0.498053|0.170152|0.581157|-0.164406|0.432285|-0.408499|0.329926|-0.669879|0.184503|-0.81515
2|0.223891|0.510376|0.454649|0.208073|0.576725|-0.107032|0.435398|-0.350612|0.352834|-0.617408|0.198448|-0.733991
2.1|0.166607|0.518294|0.411052|0.240403|0.568292|-0.0516786|0.436142|-0.296575|0.374624|-0.567511|0.212008|-0.664081
2.2|0.110362|0.520784|0.367498|0.267501|0.555963|0.00148779|0.434545|-0.245907|0.395059|-0.519432|0.225063|-0.602829
2.3|0.0555398|0.518075|0.32422|0.289685|0.539873|0.0522773|0.43065|-0.19827|0.413915|-0.472617|0.237498|-0.548298
2.4|0.00250768|0.510415|0.281443|0.307247|0.520185|0.100489|0.424515|-0.153423|0.43098|-0.426674|0.249201|-0.499026
2.5|-0.0483838|0.49807|0.239389|0.320457|0.497094|0.145918|0.416213|-0.111206|0.446059|-0.381336|0.260067|-0.453905
2.6|-0.096805|0.481331|0.19827|0.329573|0.470818|0.188364|0.40583|-0.0715111|0.458973|-0.336436|0.269996|-0.412085
2.7|-0.142449|0.460504|0.158289|0.334842|0.441601|0.227632|0.393467|-0.0342735|0.469562|-0.291887|0.278897|-0.372923
2.8|-0.185036|0.435916|0.119639|0.336508|0.409709|0.263545|0.379236|0.000542796|0.477685|-0.247669|0.286686|-0.335926
2.9|-0.224312|0.407912|0.0824998|0.334813|0.375427|0.29594|0.363261|0.032953|0.483227|-0.203815|0.293288|-0.300724
3|-0.260052|0.37685|0.04704|0.329997|0.339059|0.324674|0.345677|0.0629592|0.486091|-0.1604|0.298637|-0.267038
3.1|-0.292064|0.343103|0.0134131|0.322302|0.300921|0.349629|0.326628|0.0905552|0.486207|-0.117535|0.302679|-0.234668
3.2|-0.320188|0.307053|-0.0182419|0.311967|0.261343|0.370711|0.306267|0.115732|0.483528|-0.0753587|0.305367|-0.203469
3.3|-0.344296|0.269092|-0.0478017|0.299236|0.220663|0.387853|0.284751|0.138479|0.478032|-0.0340296|0.306666|-0.173346
3.4|-0.364296|0.229615|-0.0751591|0.284352|0.179226|0.401015|0.262247|0.158792|0.469723|0.00627601|0.306553|-0.144242
3.5|-0.380128|0.189022|-0.100224|0.267559|0.137378|0.410188|0.238924|0.176669|0.458629|0.0453714|0.305016|-0.116128
3.6|-0.391769|0.14771|-0.122922|0.2491|0.0954655|0.415392|0.214954|0.192117|0.444805|0.0830632|0.302051|-0.0890023
3.7|-0.39923|0.106074|-0.143199|0.229216|0.053834|0.416674|0.190514|0.205149|0.42833|0.119155|0.29767|-0.062879
3.8|-0.402556|0.0645032|-0.161015|0.208149|0.012821|0.414115|0.165777|0.215791|0.409304|0.153452|0.291892|-0.0377878
3.9|-0.401826|0.0233759|-0.17635|0.186136|-0.027244|0.40782|0.140918|0.224078|0.387855|0.185763|0.284749|-0.0137691
4|-0.39715|-0.0169407|-0.189201|0.163411|-0.0660433|0.397926|0.116111|0.230053|0.364128|0.215904|0.276284|0.00912911
4.1|-0.38867|-0.0560946|-0.19958|0.140201|-0.103273|0.384594|0.091523|0.233775|0.338292|0.243701|0.266548|0.030854
4.2|-0.376557|-0.0937512|-0.207518|0.116729|-0.138647|0.368013|0.0673197|0.235311|0.310535|0.268995|0.255604|0.0513502
4.3|-0.361011|-0.129596|-0.213062|0.0932091|-0.171897|0.348394|0.0436598|0.234738|0.281059|0.29164|0.243522|0.0705619
4.4|-0.342257|-0.163336|-0.216273|0.0698484|-0.202776|0.325971|0.0206954|0.232148|0.250086|0.311505|0.230384|0.0884342
4.5|-0.320543|-0.194705|-0.217229|0.0468435|-0.23106|0.300997|-0.00142958|0.227639|0.217849|0.328482|0.216276|0.104916
4.6|-0.296138|-0.22346|-0.21602|0.024381|-0.256553|0.273745|-0.0225798|0.22132|0.184593|0.34248|0.201294|0.119958
4.7|-0.269331|-0.249388|-0.21275|0.00263589|-0.279081|0.244501|-0.04263|0.21331|0.150573|0.353431|0.185539|0.13352
4.8|-0.240425|-0.272304|-0.207534|-0.018229|-0.2985|0.213565|-0.0614653|0.203737|0.11605|0.361289|0.169119|0.145564
4.9|-0.209738|-0.292055|-0.200501|-0.0380637|-0.314695|0.181247|-0.0789822|0.192732|0.0812915|0.366033|0.152144|0.156063
5|-0.177597|-0.308518|-0.191785|-0.0567324|-0.327579|0.147863|-0.0950894|0.180438|0.0465651|0.367663|0.134731|0.164995
5.1|-0.144335|-0.321602|-0.181532|-0.0741133|-0.337097|0.113736|-0.109708|0.167|0.0121398|0.366205|0.116998|0.172349
5.2|-0.11029|-0.331251|-0.169895|-0.0900994|-0.343223|0.0791903|-0.122771|0.152568|-0.0217184|0.361709|0.0990654|0.17812
5.3|-0.0758031|-0.337437|-0.157032|-0.104599|-0.345961|0.0445476|-0.134228|0.137296|-0.0547481|0.354248|0.0810537|0.182314
5.4|-0.0412101|-0.340168|-0.143105|-0.117536|-0.345345|0.0101273|-0.144037|0.121339|-0.0866954|0.343919|0.0630842|0.184946
5.5|-0.00684387|-0.339481|-0.12828|-0.128849|-0.341438|-0.0237582|-0.152173|0.104853|-0.117315|0.330841|0.0452768|0.186042
5.6|0.0269709|-0.335444|-0.112726|-0.138494|-0.334333|-0.0568056|-0.158624|0.0879951|-0.146375|0.315156|0.0277493|0.185634
5.7|0.05992|-0.328157|-0.0966115|-0.146441|-0.324148|-0.0887233|-0.16339|0.0709201|-0.173656|0.297026|0.0106166|0.183767
5.8|0.0917026|-0.317746|-0.0801038|-0.152676|-0.311028|-0.119234|-0.166487|0.0537804|-0.198954|0.276631|-0.00601003|0.180493
5.9|0.122033|-0.304366|-0.0633689|-0.1572|-0.295142|-0.148077|-0.16794|0.0367249|-0.222082|0.25417|-0.0220244|0.175873
6|0.150645|-0.288195|-0.0465692|-0.160028|-0.276684|-0.17501|-0.16779|0.0198979|-0.242873|0.229858|-0.0373257|0.169977
6.1|0.177291|-0.269435|-0.0298627|-0.161192|-0.255865|-0.199812|-0.166087|0.00343786|-0.261182|0.203923|-0.0518195|0.162882
6.2|0.201747|-0.24831|-0.0134015|-0.160733|-0.232917|-0.222284|-0.162894|-0.0125231|-0.276882|0.176606|-0.0654182|0.154673
6.3|0.223812|-0.225062|0.00266887|-0.158708|-0.208087|-0.24225|-0.158284|-0.0278606|-0.289871|0.148157|-0.0780422|0.145441
6.4|0.243311|-0.199949|0.0182108|-0.155185|-0.181638|-0.25956|-0.15234|-0.0424585|-0.300072|0.118836|-0.08962|0.135283
6.5|0.260095|-0.173242|0.0330954|-0.150244|-0.153841|-0.274091|-0.145153|-0.0562099|-0.30743|0.0889067|-0.100089|0.124301
6.6|0.274043|-0.145226|0.0472032|-0.143975|-0.12498|-0.285747|-0.136823|-0.0690176|-0.311916|0.0586361|-0.109395|0.112603
6.7|0.285065|-0.116191|0.0604254|-0.136475|-0.0953421|-0.294459|-0.127456|-0.0807948|-0.313525|0.0282928|-0.117495|0.100298
6.8|0.293096|-0.0864339|0.0726637|-0.127853|-0.0652187|-0.300187|-0.117167|-0.0914656|-0.312278|-0.00185639|-0.124355|0.0875001
6.9|0.298102|-0.0562537|0.0838318|-0.118221|-0.0349021|-0.302918|-0.106071|-0.100965|-0.308219|-0.0315485|-0.12995|0.0743231
7|0.300079|-0.0259497|0.0938552|-0.1077|-0.00468282|-0.302667|-0.0942924|-0.109241|-0.301417|-0.0605266|-0.134266|0.0608828
7.1|0.299051|0.00418179|0.102672|-0.096415|0.0251533|-0.299479|-0.0819542|-0.116251|-0.291966|-0.088542|-0.1373|0.0472948
7.2|0.295071|0.0338504|0.110232|-0.0844932|0.0543274|-0.293423|-0.0691833|-0.121967|-0.27998|-0.115357|-0.139058|0.0336737
7.3|0.288217|0.0627739|0.116498|-0.0720654|0.0825704|-0.284594|-0.0561068|-0.12637|-0.265595|-0.140745|-0.139556|0.0201325
7.4|0.278596|0.0906809|0.121447|-0.0592632|0.109625|-0.273115|-0.0428514|-0.129456|-0.248968|-0.164496|-0.138819|0.00678116
7.5|0.26634|0.117313|0.125067|-0.046218|0.135248|-0.259129|-0.0295425|-0.131229|-0.230273|-0.186414|-0.136884|-0.00627359
7.6|0.251602|0.142429|0.127358|-0.0330605|0.159214|-0.242801|-0.0163029|-0.131708|-0.209703|-0.206324|-0.133793|-0.0189295
7.7|0.234559|0.165802|0.128334|-0.0199187|0.181313|-0.224318|-0.00325199|-0.13092|-0.187465|-0.224066|-0.129601|-0.0310893
7.8|0.215408|0.187227|0.128018|-0.00691736|0.201357|-0.203885|0.00949525|-0.128905|-0.163778|-0.239505|-0.124366|-0.0426616
7.9|0.194362|0.206521|0.126448|0.00582305|0.219179|-0.181721|0.0218292|-0.125711|-0.138873|-0.252526|-0.118159|-0.0535615
8|0.171651|0.223521|0.12367|0.0181875|0.234636|-0.15806|0.0336462|-0.121396|-0.112992|-0.263037|-0.111052|-0.0637111
8.1|0.147517|0.238091|0.119739|0.0300672|0.247608|-0.133149|0.0448498|-0.116027|-0.0863797|-0.270968|-0.103128|-0.0730403
8.2|0.122215|0.250118|0.114723|0.0413603|0.257999|-0.107241|0.055351|-0.109679|-0.0592888|-0.276274|-0.0944729|-0.0814869
8.3|0.0960061|0.259515|0.108695|0.0519731|0.265739|-0.0805975|0.0650689|-0.102434|-0.0319725|-0.278936|-0.0851765|-0.0889973
8.4|0.0691573|0.266222|0.101738|0.0618201|0.270786|-0.0534845|0.0739317|-0.0943784|-0.00468434|-0.278956|-0.0753338|-0.0955267
8.5|0.0419393|0.270205|0.0939397|0.0708249|0.273122|-0.0261687|0.0818767|-0.0856073|0.0223247|-0.276362|-0.065042|-0.101039
8.6|0.014623|0.271458|0.085395|0.0789209|0.272755|0.00108399|0.0888506|-0.0762182|0.0488084|-0.271206|-0.0544006|-0.105509
8.7|-0.0125227|0.269999|0.0762034|0.0860513|0.269719|0.028011|0.0948103|-0.0663124|0.0745271|-0.26356|-0.0435101|-0.108918
8.8|-0.0392338|0.265875|0.0664679|0.0921697|0.264074|0.0543556|0.0997228|-0.055994|0.0992506|-0.253521|-0.0324714|-0.111259
8.9|-0.0652532|0.259156|0.0562945|0.0972399|0.255902|0.0798694|0.103565|-0.0453686|0.122759|-0.241208|-0.0213849|-0.112533
9|-0.0903336|0.249937|0.0457909|0.101237|0.245312|0.104315|0.106325|-0.0345424|0.144847|-0.226756|-0.0103494|-0.112751
9.1|-0.114239|0.238336|0.0350658|0.104145|0.232431|0.127466|0.107999|-0.0236212|0.165323|-0.210322|0.000538183|-0.111932
9.2|-0.136748|0.224494|0.0242272|0.105961|0.217409|0.149113|0.108595|-0.0127096|0.184011|-0.192078|0.0111841|-0.110106
9.3|-0.157655|0.20857|0.0133822|0.106691|0.200414|0.169061|0.10813|-0.00191006|0.200755|-0.172213|0.0214984|-0.107307
9.4|-0.176772|0.190744|0.00263568|0.10635|0.181632|0.187136|0.106631|0.00867818|0.215417|-0.150928|0.0313954|-0.103581
9.5|-0.193929|0.171211|-0.00791064|0.104965|0.161264|0.20318|0.104133|0.0189596|0.227879|-0.128436|0.0407947|-0.0989782
9.6|-0.208979|0.15018|-0.018159|0.102572|0.139525|0.217059|0.10068|0.0288436|0.238046|-0.10496|0.0496216|-0.093558
9.7|-0.221795|0.127875|-0.0280166|0.0992129|0.116639|0.22866|0.0963246|0.0382447|0.245845|-0.0807284|0.0578077|-0.0873846
9.8|-0.232276|0.104527|-0.0373958|0.0949415|0.0928401|0.237893|0.0911256|0.0470837|0.251223|-0.0559774|0.0652914|-0.0805281
9.9|-0.240341|0.0803773|-0.0462157|0.0898173|0.0683698|0.244692|0.085149|0.0552882|0.254153|-0.0309445|0.0720185|-0.0730633
10|-0.245936|0.0556712|-0.0544021|0.0839072|0.0434727|0.249015|0.0784669|0.0627928|0.25463|-0.00586808|0.0779422|-0.0650693
